%YAML:1.0
proj_intrinsics: !!opencv-matrix
   rows: 3
   cols: 3
   dt: d
   data: [ 2.2877083246793622e+003, 0., 6.1323141883409198e+002, 0.,
       1.8269104283102174e+003, 3.9787979803256479e+002, 0., 0., 1. ]
proj_distortion: !!opencv-matrix
   rows: 1
   cols: 5
   dt: d
   data: [ 0., 0., 0., 0., 0. ]
R: !!opencv-matrix
   rows: 3
   cols: 3
   dt: d
   data: [ 9.9857362707085140e-001, 2.1777130228194603e-003,
       -5.3347623045027326e-002, 1.9723576033697275e-003,
       9.9698129784550871e-001, 7.7617018441636515e-002,
       5.3355610052257071e-002, -7.7611528217624681e-002,
       9.9555493548255602e-001 ]
T: !!opencv-matrix
   rows: 3
   cols: 1
   dt: d
   data: [ -4.1320801134431491e-002, 6.4153102209105917e-002,
       -4.1073333044379781e-002 ]
proj_size: !!opencv-matrix
   rows: 1
   cols: 2
   dt: i
   data: [ 1280, 768 ]
