%YAML:1.0
proj_intrinsics: !!opencv-matrix
   rows: 3
   cols: 3
   dt: d
   data: [ 1.9398887718553181e+003, 0., 5.9982367605708669e+002, 0.,
       1.5522028578182774e+003, 4.7830967222808601e+002, 0., 0., 1. ]
proj_distortion: !!opencv-matrix
   rows: 1
   cols: 5
   dt: d
   data: [ 0., 0., 0., 0., 0. ]
R: !!opencv-matrix
   rows: 3
   cols: 3
   dt: d
   data: [ 9.9813286412856217e-001, -3.7306536539901528e-003,
       -6.0966119852155033e-002, 2.6726152746152430e-003,
       9.9984456858265691e-001, -1.7426870153719153e-002,
       6.1021657418553074e-002, 1.7231392836177372e-002,
       9.9798769352473382e-001 ]
T: !!opencv-matrix
   rows: 3
   cols: 1
   dt: d
   data: [ -4.4740636382591820e-002, 6.3197517373639170e-002,
       -2.1045697370491775e-002 ]
proj_size: !!opencv-matrix
   rows: 1
   cols: 2
   dt: i
   data: [ 1280, 768 ]
