%YAML:1.0
rgb_intrinsics: !!opencv-matrix
   rows: 3
   cols: 3
   dt: d
   data: [ 5.1894065313619410e+002, 0., 3.0820570900317733e+002, 0.,
       5.2082194929997911e+002, 2.5798525694607287e+002, 0., 0., 1. ]
rgb_distortion: !!opencv-matrix
   rows: 1
   cols: 5
   dt: d
   data: [ 2.6983822304685801e-001, -1.1199040293383868e+000,
       -1.5841969830338990e-003, 5.1962582112418559e-004,
       1.9090851583992263e+000 ]
depth_intrinsics: !!opencv-matrix
   rows: 3
   cols: 3
   dt: d
   data: [ 5.0217963352702054e+002, 0., 3.4187155299150146e+002, 0.,
       4.7660001387343146e+002, 2.0895897171138213e+002, 0., 0., 1. ]
depth_distortion: !!opencv-matrix
   rows: 1
   cols: 5
   dt: d
   data: [ -2.1199267421925100e-001, 1.2294692201235138e+000,
       -4.6134717552695007e-003, 1.6704191286971266e-002,
       -1.2609733456678054e+000 ]
R: !!opencv-matrix
   rows: 3
   cols: 3
   dt: d
   data: [ 9.9884607934376124e-001, 8.9383257898071680e-003,
       -4.7187033300176207e-002, -6.6915092293152699e-003,
       9.9884596153431748e-001, 4.7560160121877471e-002,
       4.7557685854451109e-002, -4.7189527001866668e-002,
       9.9775318343641950e-001 ]
T: !!opencv-matrix
   rows: 3
   cols: 1
   dt: d
   data: [ 2.2497934419991535e-002, -1.0452774812230977e-002,
       -8.6869765873102245e-002 ]
rgb_size: !!opencv-matrix
   rows: 1
   cols: 2
   dt: i
   data: [ 640, 480 ]
raw_rgb_size: !!opencv-matrix
   rows: 1
   cols: 2
   dt: i
   data: [ 640, 480 ]
depth_size: !!opencv-matrix
   rows: 1
   cols: 2
   dt: i
   data: [ 640, 480 ]
raw_depth_size: !!opencv-matrix
   rows: 1
   cols: 2
   dt: i
   data: [ 640, 480 ]
depth_base_and_offset: !!opencv-matrix
   rows: 1
   cols: 2
   dt: f
   data: [ 6.33350462e-002, 1.03682617e+003 ]
