%YAML:1.0
proj_intrinsics: !!opencv-matrix
   rows: 3
   cols: 3
   dt: d
   data: [ 1.7950866270608331e+003, 0., 6.4417221252624336e+002, 0.,
       1.4297433017336602e+003, 4.0796967111189554e+002, 0., 0., 1. ]
proj_distortion: !!opencv-matrix
   rows: 1
   cols: 5
   dt: d
   data: [ 0., 0., 0., 0., 0. ]
R: !!opencv-matrix
   rows: 3
   cols: 3
   dt: d
   data: [ 9.9980720171469017e-001, 7.4583708901436434e-003,
       -1.8164033227943029e-002, -7.7107733230283833e-003,
       9.9987413715277007e-001, -1.3865562655883679e-002,
       1.8058332542115686e-002, 1.4002948142031395e-002,
       9.9973887294089447e-001 ]
T: !!opencv-matrix
   rows: 3
   cols: 1
   dt: d
   data: [ -4.4171360771668222e-002, 7.5493466921009098e-002,
       1.8892287391206702e-001 ]
proj_size: !!opencv-matrix
   rows: 1
   cols: 2
   dt: i
   data: [ 1280, 768 ]
