%YAML:1.0
proj_intrinsics: !!opencv-matrix
   rows: 3
   cols: 3
   dt: d
   data: [ 1.8032849692410925e+003, 0., 5.8522802968519909e+002, 0.,
       1.4417423305318659e+003, 3.6605604053898992e+002, 0., 0., 1. ]
proj_distortion: !!opencv-matrix
   rows: 1
   cols: 5
   dt: d
   data: [ 0., 0., 0., 0., 0. ]
R: !!opencv-matrix
   rows: 3
   cols: 3
   dt: d
   data: [ 9.9968008029492783e-001, -1.4966339147177491e-002,
       -2.0389844385341811e-002, 1.6872530228540270e-002,
       9.9516349621467837e-001, 9.6772586642421110e-002,
       1.8842897473949891e-002, -9.7085655450790301e-002,
       9.9509764381214205e-001 ]
T: !!opencv-matrix
   rows: 3
   cols: 1
   dt: d
   data: [ -4.2698798108060612e-002, 6.8288167481943135e-002,
       1.0782635200408107e-002 ]
proj_size: !!opencv-matrix
   rows: 1
   cols: 2
   dt: i
   data: [ 1280, 768 ]
