%YAML:1.0
proj_intrinsics: !!opencv-matrix
   rows: 3
   cols: 3
   dt: d
   data: [ 1.9990694699964808e+003, 0., 5.9821655255746089e+002, 0.,
       1.6014855458569596e+003, 3.7201482276541975e+002, 0., 0., 1. ]
proj_distortion: !!opencv-matrix
   rows: 1
   cols: 5
   dt: d
   data: [ 0., 0., 0., 0., 0. ]
R: !!opencv-matrix
   rows: 3
   cols: 3
   dt: d
   data: [ 9.9985347558527005e-001, 2.2424318039899168e-003,
       -1.6970529150855462e-002, -4.1641296378309746e-003,
       9.9346456498966718e-001, -1.1406497330140672e-001,
       1.6603836436646754e-002, 1.1411892748135932e-001,
       9.9332833595246295e-001 ]
T: !!opencv-matrix
   rows: 3
   cols: 1
   dt: d
   data: [ -4.6742740303519346e-002, 7.0471090406491813e-002,
       -1.0781949256806678e-001 ]
proj_size: !!opencv-matrix
   rows: 1
   cols: 2
   dt: i
   data: [ 1280, 768 ]
