%YAML:1.0
camera_matrix: !!opencv-matrix
   rows: 3
   cols: 3
   dt: d
   data: [ 5.1837971493017187e+002, 0., 3.1407683936141183e+002, 0.,
       5.2013349915686103e+002, 2.6496270213972645e+002, 0., 0., 1. ]
distortion_coefficients: !!opencv-matrix
   rows: 1
   cols: 5
   dt: d
   data: [ 2.3735008194004059e-001, -8.3270860109730249e-001,
       4.7871868486851852e-003, 3.8482611396914936e-003,
       9.9584407769272254e-001 ]
rectification_matrix: !!opencv-matrix
   rows: 3
   cols: 3
   dt: f
   data: [ 1., 0., 0., 0., 1., 0., 0., 0., 1. ]
projection_matrix: !!opencv-matrix
   rows: 4
   cols: 4
   dt: f
   data: [ 5.09013458e+002, 1.10221281e+001, -3.28855011e+002,
       -1.80585155e+001, -5.60435915e+000, -5.12755676e+002,
       -2.78916229e+002, -4.36956167e+000, -2.91086249e-002,
       2.71006245e-002, -9.99208808e-001, -1.47426007e-002, 0., 0., 0.,
       1. ]
