%YAML:1.0
camera_matrix: !!opencv-matrix
   rows: 3
   cols: 3
   dt: d
   data: [ 5.9534544574020208e+002, 0., 3.3417979554439120e+002, 0.,
       5.9454696528874445e+002, 2.5706059371302729e+002, 0., 0., 1. ]
distortion_coefficients: !!opencv-matrix
   rows: 1
   cols: 5
   dt: d
   data: [ -2.3447970158109535e-001, 1.9997837182230676e+000,
       8.0795814981889855e-003, 1.2309566001560090e-002,
       -5.2078706937422039e+000 ]
rectification_matrix: !!opencv-matrix
   rows: 3
   cols: 3
   dt: f
   data: [ 1., 0., 0., 0., 1., 0., 0., 0., 1. ]
projection_matrix: !!opencv-matrix
   rows: 4
   cols: 4
   dt: f
   data: [ 5.95345459e+002, 0., -3.34179810e+002, 0., 0.,
       -5.94546936e+002, -2.57060608e+002, 0., 0., 0., -1., 0., 0., 0.,
       0., 1. ]
