%YAML:1.0
camera_matrix: !!opencv-matrix
   rows: 3
   cols: 3
   dt: d
   data: [ 5.8276219864667632e+002, 0., 3.1011002167199968e+002, 0.,
       5.8455419381846946e+002, 2.3522408801956360e+002, 0., 0., 1. ]
distortion_coefficients: !!opencv-matrix
   rows: 1
   cols: 5
   dt: d
   data: [ -2.1344798947816038e-001, 1.3133887314701329e+000,
       -3.8838210439221632e-003, 1.5754238985460783e-003,
       -3.0888165314541545e+000 ]
rectification_matrix: !!opencv-matrix
   rows: 3
   cols: 3
   dt: f
   data: [ 1., 0., 0., 0., 1., 0., 0., 0., 1. ]
projection_matrix: !!opencv-matrix
   rows: 4
   cols: 4
   dt: f
   data: [ 5.82762207e+002, 0., -3.10110016e+002, 0., 0.,
       -5.84554199e+002, -2.35224091e+002, 0., 0., 0., -1., 0., 0., 0.,
       0., 1. ]
