%YAML:1.0
camera_matrix: !!opencv-matrix
   rows: 3
   cols: 3
   dt: d
   data: [ 5.1817540760343786e+002, 0., 3.1327593541836774e+002, 0.,
       5.1976430915385254e+002, 2.6470071377255306e+002, 0., 0., 1. ]
distortion_coefficients: !!opencv-matrix
   rows: 1
   cols: 5
   dt: d
   data: [ 2.5109528414421112e-001, -9.2965714983768910e-001,
       -2.1719060506558956e-003, 4.9218056918161313e-004,
       1.2162256082634395e+000 ]
rectification_matrix: !!opencv-matrix
   rows: 3
   cols: 3
   dt: f
   data: [ 1., 0., 0., 0., 1., 0., 0., 0., 1. ]
projection_matrix: !!opencv-matrix
   rows: 4
   cols: 4
   dt: f
   data: [ 5.16287292e+002, -5.72744703e+000, -3.16326111e+002,
       -1.31821184e+001, -2.51008570e-001, -5.25538574e+002,
       -2.53042526e+002, 2.64897585e+000, -5.99192968e-003,
       -2.23089289e-002, -9.99733150e-001, 5.06461971e-003, 0., 0., 0.,
       1. ]
