%YAML:1.0
camera_matrix: !!opencv-matrix
   rows: 3
   cols: 3
   dt: d
   data: [ 5.1837970360281327e+002, 0., 3.1407684410280871e+002, 0.,
       5.2013348992615465e+002, 2.6496270593393086e+002, 0., 0., 1. ]
distortion_coefficients: !!opencv-matrix
   rows: 1
   cols: 5
   dt: d
   data: [ 2.3734976479556774e-001, -8.3270705956470581e-001,
       4.7871858395967075e-003, 3.8482770862225562e-003,
       9.9584121513603086e-001 ]
rectification_matrix: !!opencv-matrix
   rows: 3
   cols: 3
   dt: f
   data: [ 1., 0., 0., 0., 1., 0., 0., 0., 1. ]
projection_matrix: !!opencv-matrix
   rows: 4
   cols: 4
   dt: f
   data: [ 5.09013489e+002, 1.10223217e+001, -3.28854919e+002,
       -1.32782927e+001, -5.60411930e+000, -5.12755676e+002,
       -2.78916260e+002, -3.21294379e+000, -2.91084573e-002,
       2.71006245e-002, -9.99208808e-001, -1.08403126e-002, 0., 0., 0.,
       1. ]
