%YAML:1.0
proj_intrinsics: !!opencv-matrix
   rows: 3
   cols: 3
   dt: d
   data: [ 1.8621865102635857e+003, 0., 6.1528674286294063e+002, 0.,
       1.4840207903044002e+003, 3.9041915197712660e+002, 0., 0., 1. ]
proj_distortion: !!opencv-matrix
   rows: 1
   cols: 5
   dt: d
   data: [ 0., 0., 0., 0., 0. ]
R: !!opencv-matrix
   rows: 3
   cols: 3
   dt: d
   data: [ 9.9831107996979873e-001, 2.3814311448143622e-003,
       -5.8045812900126607e-002, 2.1842490400061573e-003,
       9.9691437009768924e-001, 7.8466347875115916e-002,
       5.8053567208787668e-002, -7.8460610999596350e-002,
       9.9522545981094390e-001 ]
T: !!opencv-matrix
   rows: 3
   cols: 1
   dt: d
   data: [ -4.0708923668083527e-002, 6.4398864567149744e-002,
       -3.8888851415584957e-002 ]
proj_size: !!opencv-matrix
   rows: 1
   cols: 2
   dt: i
   data: [ 1280, 768 ]
