%YAML:1.0
proj_intrinsics: !!opencv-matrix
   rows: 3
   cols: 3
   dt: d
   data: [ 1.7215528500644987e+003, 0., 6.3173036918800528e+002, 0.,
       1.3699617183093881e+003, 3.9596931779875894e+002, 0., 0., 1. ]
proj_distortion: !!opencv-matrix
   rows: 1
   cols: 5
   dt: d
   data: [ 0., 0., 0., 0., 0. ]
R: !!opencv-matrix
   rows: 3
   cols: 3
   dt: d
   data: [ 9.9903435933478146e-001, 9.6693956581797840e-004,
       -4.3925094153783178e-002, 2.7198467106036074e-003,
       9.9647920257958811e-001, 8.3796188816790032e-002,
       4.3851468646026889e-002, -8.3834741332125332e-002,
       9.9551433181213533e-001 ]
T: !!opencv-matrix
   rows: 3
   cols: 1
   dt: d
   data: [ -4.8125018378983100e-002, 7.5570106268486328e-002,
       7.4521183193189178e-002 ]
proj_size: !!opencv-matrix
   rows: 1
   cols: 2
   dt: i
   data: [ 1280, 768 ]
