%YAML:1.0
proj_intrinsics: !!opencv-matrix
   rows: 3
   cols: 3
   dt: d
   data: [ 1.9152395825435754e+003, 0., 5.6369001678781979e+002, 0.,
       1.5323698910752657e+003, 3.7968949927928753e+002, 0., 0., 1. ]
proj_distortion: !!opencv-matrix
   rows: 1
   cols: 5
   dt: d
   data: [ 0., 0., 0., 0., 0. ]
R: !!opencv-matrix
   rows: 3
   cols: 3
   dt: d
   data: [ 9.9902685377804068e-001, -6.4887906834887113e-003,
       -4.3626150710501133e-002, 5.5660471025167609e-003,
       9.9975892318063797e-001, -2.1239459511574025e-002,
       4.3753451863847874e-002, 2.0975965202037729e-002,
       9.9882212847625718e-001 ]
T: !!opencv-matrix
   rows: 3
   cols: 1
   dt: d
   data: [ -4.3166351183743214e-002, 5.9298063416772198e-002,
       1.3552870438213994e-003 ]
proj_size: !!opencv-matrix
   rows: 1
   cols: 2
   dt: i
   data: [ 1280, 768 ]
