%YAML:1.0
rgb_intrinsics: !!opencv-matrix
   rows: 3
   cols: 3
   dt: d
   data: [ 5.1817540760343786e+002, 0., 3.1327593541836774e+002, 0.,
       5.1976430915385254e+002, 2.6470071377255306e+002, 0., 0., 1. ]
rgb_distortion: !!opencv-matrix
   rows: 1
   cols: 5
   dt: d
   data: [ 2.5109528414421112e-001, -9.2965714983768910e-001,
       -2.1719060506558956e-003, 4.9218056918161313e-004,
       1.2162256082634395e+000 ]
depth_intrinsics: !!opencv-matrix
   rows: 3
   cols: 3
   dt: d
   data: [ 5.8276219864667632e+002, 0., 3.1011002167199968e+002, 0.,
       5.8455419381846946e+002, 2.3522408801956360e+002, 0., 0., 1. ]
depth_distortion: !!opencv-matrix
   rows: 1
   cols: 5
   dt: d
   data: [ -2.1344798947816038e-001, 1.3133887314701329e+000,
       -3.8838210439221632e-003, 1.5754238985460783e-003,
       -3.0888165314541545e+000 ]
R: !!opencv-matrix
   rows: 3
   cols: 3
   dt: d
   data: [ 9.9997874934430087e-001, 2.5685864039018051e-003,
       -5.9919298805686484e-003, -2.4343177275629297e-003,
       9.9974816118381116e-001, 2.2308928857962887e-002,
       6.0477232913910229e-003, -2.2293868517466127e-002,
       9.9973316863526973e-001 ]
T: !!opencv-matrix
   rows: 3
   cols: 1
   dt: d
   data: [ 2.8501434715788015e-002, -2.5172319889825911e-003,
       -5.0646198259846030e-003 ]
rgb_size: !!opencv-matrix
   rows: 1
   cols: 2
   dt: i
   data: [ 640, 480 ]
raw_rgb_size: !!opencv-matrix
   rows: 1
   cols: 2
   dt: i
   data: [ 640, 480 ]
depth_size: !!opencv-matrix
   rows: 1
   cols: 2
   dt: i
   data: [ 640, 480 ]
raw_depth_size: !!opencv-matrix
   rows: 1
   cols: 2
   dt: i
   data: [ 640, 480 ]
depth_base_and_offset: !!opencv-matrix
   rows: 1
   cols: 2
   dt: f
   data: [ 8.03875774e-002, 1.09161987e+003 ]
