%YAML:1.0
proj_intrinsics: !!opencv-matrix
   rows: 3
   cols: 3
   dt: d
   data: [ 1.8373324787720212e+003, 0., 6.0207485828806080e+002, 0.,
       1.4549736893340880e+003, 3.7843212615107490e+002, 0., 0., 1. ]
proj_distortion: !!opencv-matrix
   rows: 1
   cols: 5
   dt: d
   data: [ 0., 0., 0., 0., 0. ]
R: !!opencv-matrix
   rows: 3
   cols: 3
   dt: d
   data: [ 9.9839007207126995e-001, -3.1508683676397690e-002,
       -4.7164253863547251e-002, 2.6700135426913980e-002,
       9.9469706712887040e-001, -9.9321938228208617e-002,
       5.0043648525151245e-002, 9.7902745100453353e-002,
       9.9393696266115739e-001 ]
T: !!opencv-matrix
   rows: 3
   cols: 1
   dt: d
   data: [ 3.3488775890822088e-002, 3.0391735045092471e-002,
       3.2210536393640132e-002 ]
proj_size: !!opencv-matrix
   rows: 1
   cols: 2
   dt: i
   data: [ 1280, 768 ]
